002056
000963
000093
001860
000688
000250
001817
001807
002166
001705
001755
000801
002165
001014
001531
001319
000709
000581
000563
002112
001290
001202
001110
000430
000177
002167
002116
001597
001189
001759
000241
000460
000828
001306
000249
000893
001679
001034
001863
001741
000527
000895
000761
000101
001261
000930
001857
001349
001657
001272
001648
000063
002119
001564
000366
000568
000031
000282
001984
000735
001062
001121
000098
001415
001122
001070
002159
000990
001162
000270
001520
000589
000934
000014
000337
000689
001211
001127
001641
000587
000669
000572
001541
000273
001774
000832
000125
002153
002173
000004
001565
002057
000618
001333
000842
001030
000461
001522
002086
002028
002172
000126
001833
001208
001328
000969
002158
000065
000894
000602
000553
002010
001340
001907
002131
001612
001824
001526
001297
000791
001929
001206
001965
001177
001614
000854
001252
000523
001098
000961
000158
001598
000905
001158
000737
001483
000178
000973
001903
000658
002033
001046
000727
002141
002110
001263
002105
001198
000757
001581
000108
001192
001660
000637
000008
000509
001242
000150
002087
000578
000766
001974
000503
000695
001911